// THE MAXIMUM NUMBER OF DISTINCT SQUARES IN BINARY STRINGS
//
// Each line has the following format:
// maxsquares[string length] = [max number of distinct squares in binary strings of this length, [list of unique strings realizing the maximum number of distinct squares]]
//
// The associated list of binary strings are represented as integers in base 10. To obtain the corresponding binary string, remember to left-pad the base 2 representation of the integer with an adequate number of 0’s, to ensure the binary string has the correct length. The list contains all “unique” strings with the maximum number of squares. Two strings are considered to be the same, if one can be obtained from the other by flipping all bits and/or reversing its binary representation (note, both operations preserve the number of distinct squares) - in that case, only one representative string from that equivalence class is included in the list.

maxsquares[2] = [1,[0]]

maxsquares[3] = [1,[0,3]]

maxsquares[4] = [2,[0,3]]

maxsquares[5] = [2,[0,6,7,10,11,15]]

maxsquares[6] = [3,[0,10,11,15]]

maxsquares[7] = [3,[0,6,10,15,18,20,22,23,26,27,30,31,43,45,47,53,54,63]]

maxsquares[8] = [4,[0,10,15,36,43,47,54,63,74,75,83,90,91,109]]

maxsquares[9] = [5,[74,90,91,147,182]]

maxsquares[10] = [6,[182,218,437]]

maxsquares[11] = [7,[659]]

maxsquares[12] = [7,[182,218,594,602,603,660,694,726,730,858,859,874,875,1206,1318,1319,1453,1717,1718]]

maxsquares[13] = [8,[1188,1206,1718,1750,2378,2379,2639,2643,2906,2907,3435,3493,3501]]

maxsquares[14] = [9,[2378,2642,2906,2907,3435,4755,5813,5814,6870,6985]]

maxsquares[15] = [10,[4756,5814,6870,7002,10571,14005]]

maxsquares[16] = [11,[21139,28011]]

maxsquares[17] = [12,[28011]]

maxsquares[18] = [12,[38070,38582,42278,42279,54966,56022,56023,84559,84571,111781,112047]]

maxsquares[19] = [13,[84559,112047,169142,224073]]

maxsquares[20] = [13,[33866,35090,35146,37154,38070,38582,42278,54966,56022,70180,70292,74308,84559,112047,140362,148618,152146,152246,153270,168594,168596,169115,169118,169119,169142,169164,186070,186094,186095,187098,187834,187835,187886,187887,191962,191963,209490,219994,219995,223562,224094,224095,224107,227054,227055,243566,243567,244570,244571,244598,245210,245211,251574,297027,297234,297235,300214,300726,301782,301914,332323,336147,336403,337517,338195,338227,338230,338239,338285,338287,348819,372141,374197,375670,375671,375774,383927,418981,421227,439705,439989,439990,447123,447125,447653,448147,448191,453995,454107,487133,489141,489197,490421,507355]]

maxsquares[21] = [14,[70180,70292,74308,112047,140360,140362,148618,304292,338230,338239,375670,375671,375774,383927,421227,439990,448191,448214,453995,454106,454107,507354,507355,561443,594467,608586,608587,672803,674378,674379,676387,676435,676454,676461,744243,744282,744283,748395,751341,751342,751343,767854,767855,879411,879979,879981,896329,896429,908213,978283,978395,1014709]]

maxsquares[22] = [15,[140360,140362,148616,148618,608586,674378,676434,676454,744282,744283,748395,751342,751343,767854,767855,837962,879979,974266,978283,978394,978395,1188938,1188939,1200722,1200723,1207659,1217171,1345603,1345811,1488565,1488566,1496790,1502682,1792859,1948533,1956789,1956791]]

maxsquares[23] = [16,[1217170,1217172,1348756,1352908,1488566,1496790,1502682,1759962,1792858,1792859,1956791,2658595,2691619,2705739,2977133,2993581,3519925,3585717,3585718,3913583]]

maxsquares[24] = [17,[3585718,3913583,4802890,4802891,4868683,5395027,5411475,5954266,7171435]]

maxsquares[25] = [18,[5411474,5954266,5987162,7171435,11974325]]

maxsquares[26] = [19,[21645899,23948651]]

maxsquares[27] = [20,[23948651]]

maxsquares[28] = [20,[8667684,8930340,8983188,17335370,17860682,35721354,39508698,39541594,43288850,43291798,43291799,47897302,47897303,48085982,48099062,48099063,48164726,48164727,49248186,49248187,56285914,58125675,58178522,58178526,58441178,58441182,62774199,64876278,64941419,64941530,64941531,64941942,64941943,69341450,69341451,71442706,71442707,76039203,76846262,77898934,84444227,84969539,86131747,86577699,86583597,86583599,95794607,96198126,96198127,96329455,98496374,99547002,116357045,116882357,125234539,125550043,129752557,129883061,129883063,129883885,129883887]]

maxsquares[29] = [21,[17335370,17860682,76039202,86583599,95794607,96198126,96198127,96329455,98496374,99547002,116357050,125234539,125550042,125550043,129883063,129883887,151553091,152078403,158166379,172106003,172237331,172263491,173167195,192396253,192396254,192658910,196992749,228893861,228926757,232714101,251100085,259505115,259767771]]

maxsquares[30] = [22,[173167195,192396254,192658910,259505114,259505115,259767770,259767771,285770826,285770827,304156810,304156811,339878163,344474659,346334390,384792506,393985499,519010229,519535541]]

maxsquares[31] = [23,[304156810,346334390,384792506,393985498,393985499,688424003,688949315]]

maxsquares[32] = [23,[138682948,138682962,138682970,138709322,142885458,142885466,192396254,192658910,259505114,259767770,277365898,277365924,277365942,277418644,285770916,285770934,304156810,346334390,384792506,393985498,554731794,554731850,571541686,571541834,606212362,606212367,608313610,608313615,608313620,608313622,608313623,608732226,623531306,632665519,633069038,633069039,633200367,635367286,636417914,692601890,692618306,692668780,692668783,693283156,710224466,718629590,727034714,727034715,727100250,727100251,729267166,729529822,761967963,761967978,761976170,762240494,762240495,762247035,762279867,769375710,769585012,769585014,769585018,770635642,786296567,787970998,787970999,796375926,796376026,796376027,796620526,796638682,796638683,900421034,900421035,901504494,901504495,901635823,917329579,921663418,930019194,930019195,930856410,997649327,997702622,1001877370,1004387162,1004399979,1004400342,1038019947,1038020058,1038020059,1038020458,1038020459,1039071082,1039071083,1039071086,1109463222,1143083298,1143083299,1143083307,1143083311,1149781027,1216627243,1216627247,1231908203,1245847827,1245979155,1246005315,1247095443,1251297939,1252348563,1266138077,1266138078,1266400734,1270734573,1359512651,1359512655,1376848006,1376848007,1377898630,1377898631,1377898635,1377898639,1385203779,1386566291,1386828435,1428854059,1437259181,1454069430,1454200491,1454200502,1467727323,1523935926,1523952341,1524480990,1524494070,1524494071,1524559734,1524559735,1538751421,1572593134,1572593135,1575941998,1592751853,1753498149,1762691141,1800842069,1803008989,1803008990,1803271646,1829800005,1831150889,1835709803,1835717995,1843326837,1860038389,1860038391,1861712713,1861712805,1861712821,1870117705,2003754741,2008774325,2008800677,2008800685,2008800699,2076040117,2076040119,2078128969,2078141803,2078142173]]

maxsquares[33] = [24,[277365898,277365924,277365942,277418644,285770916,285770934,346334390,384792506,393985498,554731794,554731850,571541834,608732226,1109463588,1109463700,1143083668,1149781026,1216627247,1247062612,1266138078,1266400734,1454069430,1454200491,1454200502,1467727323,1523935926,1524480990,1524494070,1524494071,1524559734,1524559735,1572593134,1572593135,1575941998,1803008990,1803271646,1834396506,1835709802,1835709803,1835717994,1835717995,1860038391,1861712730,1870117722,1995405242,2008800698,2008800699,2076040119,2076040918,2078128986,2078141803,2078142166,2218927178,2218927179,2286166610,2286166611,2286166618,2286166619,2299562051,2433254490,2433254491,2434928906,2434928907,2491958307,2494125226,2494125227,2532276154,2541469146,2541469147,2701726243,2702215443,2719025299,2753696015,2755797263,2755797267,2756215875,2770486307,2840897867,2857708115,2874518362,2874518363,3047904683,3048988142,3048988143,3049119471,3077502842,3077502843,3145186269,3145186270,3151883997,3185503707,3601684139,3658549381,3671435989,3720076782,3720076783,3723425461,3723425609,3740235445,3990810485,4017548651,4017601353,4017601371,4017601397,4152081829,4152081837,4156257973,4156284325,4156284333,4156284347]]

maxsquares[34] = [25,[554731794,554731850,571541834,1109463588,1109463700,1143083668,1217464452,2218927178,2433254490,2434928906,2491958306,2494125226,2532276154,2541469146,2541469147,2857708114,2874518362,2874518363,3047904682,3047904683,3048988142,3048988143,3049119471,3077502842,3077502843,3145186270,3185503706,3185503707,3601684139,3720076782,3720076783,4017548651,4017601370,4017601371,4017601398,4156284346,4156284347,4572333194,4572333195,4572333238,4599124106,4599124107,4866508982,4983391299,4983916611,5438050595,5444748323,5540815123,5540946451,5540972611,5681795731,5749036726,6095809365,6097976285,6097976286,6098238942,6155005687,6290372538,6303767995,6371007415,7342871979,7440153565,7440153566,7446850923,7480470891,8035202741,8035202797,8304163657,8304163675,8312515947,8312568649,8312568667,8312568693]]

maxsquares[35]=[26,[1109463588,1109463700,1143083668,2218927176,2218927178,2434928906,4599124106,4866508982,4988250452,5749036726,6097976286,6098238942,6155005687,6290372538,6303767994,6303767995,6371007415,7342871978,7342871979,7440153566,7446850923,7480470891,8304163674,8304163675,8312515947,8312568666,8312568667,8312568694,9144666386,9144666387,9144666442,9144666443,9739715619,10889496643,11081892899,11430832459,12191618731,12310011374,12310011375,12607535990,14638400037,14647593029,14685743957,16070405483,16070405595,16608327349,16625137333,16625137389]]

maxsquares[36]=[27,[2218927176,2218927178,9739715618,11081892898,12191618731,12310011374,12310011375,12607535990,14880307130,16070405483,16070405594,16070405595,19479431235,22163260483,22163785795,22861664915,24620022749,24620022750,25215071981,29371487915,29760614261,32140811189,32140811191,33216654699,33250274667,33250274779]]

maxsquares[37]=[28,[9739715618,24620022750,29371487915,32140811191,33216654699,33250274667,33250274778,33250274779,36578665546,36578665547,38958862474,38958862475,43504404755,44099453987,49240045498,50430143963,66500549557,66500549559]]

maxsquares[38]=[29,[38958862474,49240045498,50430143962,50430143963,66500549559,88198907971,100860287927]]

maxsquares[39]=[30,[38958862474,100860287927]]

maxsquares[40]=[30,[35502834870,38958862474,49240045498,50430143962,71005669706,77917724938,77917724943,77917724948,77917724950,100860287927,142011339412,155726659850,155728287414,155835449903,157111456404,162058976222,182893319350,187869097435,195109432758,195133566711,196187352427,197014577018,201720575854,201720575855,203935151854,203939503031,203976326618,203976326619,230778452958,235600042842,235600042843,255398475706,256480604026,265733238639,266002198230,292629324370,292629324371,292629324378,292629324379,311670899802,311670899803,314762218066,314762218067,318977360931,319208723091,324117952442,325308050906,325308050907,348035238035,352732844163,352741236867,352795631887,354646381131,354728787419,365782279467,375738194871,390267133422,390267133423,392374704854,392644357483,469987191643,471200085685,476169828169,510796951413,512961208053,514252979017,532004396453,532004396461]]

maxsquares[41]=[31,[71005669706,142011339412,155835449903,311670899802,319208723090,324117952442,325308050906,325308050907,375738194871,390267133422,390267133423,392374704854,392644357483,461094181594,469987191643,514252979034,585258648758,623341799606,637954721859,650616101815,691641324067,696070476067,709292762259,780534266845,780534266846,784749409709,942400171371,1028505958069,1064008792905]]

maxsquares[42]=[32,[142011339412,311670899802,623341799606,650616101815,780534266846,942400171371,1064008792922,1170517297482,1170517297483,1276834892363,1418488988707,1569498819419,1873715204645,1874905303109,2057011916139,2128017585845]]
